month   interest  Remaining  principal
    1    1661.46    2338.54  547661.46
    2    1654.39    2345.61  545315.85
    3    1647.31    2352.69  542963.16
    4    1640.20    2359.80  540603.36
    5    1633.07    2366.93  538236.43
    6    1625.92    2374.08  535862.36
    7    1618.75    2381.25  533481.11
    8    1611.56    2388.44  531092.67
    9    1604.34    2395.66  528697.01
   10    1597.11    2402.89  526294.11
   11    1589.85    2410.15  523883.96
   12    1582.57    2417.43  521466.53
   13    1575.26    2424.74  519041.79
   14    1567.94    2432.06  516609.73
   15    1560.59    2439.41  514170.32
   16    1553.22    2446.78  511723.54
   17    1545.83    2454.17  509269.37
   18    1538.42    2461.58  506807.79
   19    1530.98    2469.02  504338.77
   20    1523.52    2476.48  501862.30
   21    1516.04    2483.96  499378.34
   22    1508.54    2491.46  496886.88
   23    1501.01    2498.99  494387.89
   24    1493.46    2506.54  491881.35
   25    1485.89    2514.11  489367.25
   26    1478.30    2521.70  486845.54
   27    1470.68    2529.32  484316.22
   28    1463.04    2536.96  481779.26
   29    1455.37    2544.63  479234.64
   30    1447.69    2552.31  476682.32
   31    1439.98    2560.02  474122.30
   32    1432.24    2567.76  471554.55
   33    1424.49    2575.51  468979.03
   34    1416.71    2583.29  466395.74
   35    1408.90    2591.10  463804.65
   36    1401.08    2598.92  461205.72
   37    1393.23    2606.77  458598.95
   38    1385.35    2614.65  455984.30
   39    1377.45    2622.55  453361.75
   40    1369.53    2630.47  450731.28
   41    1361.58    2638.42  448092.87
   42    1353.61    2646.39  445446.48
   43    1345.62    2654.38  442792.10
   44    1337.60    2662.40  440129.70
   45    1329.56    2670.44  437459.26
   46    1321.49    2678.51  434780.75
   47    1313.40    2686.60  432094.15
   48    1305.28    2694.72  429399.43
   49    1297.14    2702.86  426696.58
   50    1288.98    2711.02  423985.56
   51    1280.79    2719.21  421266.35
   52    1272.58    2727.42  418538.92
   53    1264.34    2735.66  415803.26
   54    1256.07    2743.93  413059.33
   55    1247.78    2752.22  410307.12
   56    1239.47    2760.53  407546.58
   57    1231.13    2768.87  404777.71
   58    1222.77    2777.23  402000.48
   59    1214.38    2785.62  399214.86
   60    1205.96    2794.04  396420.82
   61    1197.52    1802.48  394618.34
   62    1192.08    1807.92  392810.42
   63    1186.61    1813.39  390997.03
   64    1181.14    1818.86  389178.17
   65    1175.64    1824.36  387353.81
   66    1170.13    1829.87  385523.94
   67    1164.60    1835.40  383688.55
   68    1159.06    1840.94  381847.60
   69    1153.50    1846.50  380001.10
   70    1147.92    1852.08  378149.02
   71    1142.33    1857.67  376291.35
   72    1136.71    1863.29  374428.06
   73    1131.08    1868.92  372559.15
   74    1125.44    1874.56  370684.58
   75    1119.78    1880.22  368804.36
   76    1114.10    1885.90  366918.46
   77    1108.40    1891.60  365026.86
   78    1102.69    1897.31  363129.54
   79    1096.95    1903.05  361226.50
   80    1091.21    1908.79  359317.70
   81    1085.44    1914.56  357403.14
   82    1079.66    1920.34  355482.80
   83    1073.85    1926.15  353556.65
   84    1068.04    1931.96  351624.69
   85    1062.20    1937.80  349686.89
   86    1056.35    1943.65  347743.23
   87    1050.47    1949.53  345793.71
   88    1044.59    1955.41  343838.29
   89    1038.68    1961.32  341876.97
   90    1032.75    1967.25  339909.72
   91    1026.81    1973.19  337936.53
   92    1020.85    1979.15  335957.38
   93    1014.87    1985.13  333972.25
   94    1008.87    1991.13  331981.13
   95    1002.86    1997.14  329983.99
   96     996.83    2003.17  327980.81
   97     990.78    2009.22  325971.59
   98     984.71    2015.29  323956.30
   99     978.62    2021.38  321934.91
  100     972.51    2027.49  319907.43
  101     966.39    2033.61  317873.81
  102     960.24    2039.76  315834.06
  103     954.08    2045.92  313788.14
  104     947.90    2052.10  311736.04
  105     941.70    2058.30  309677.74
  106     935.48    2064.52  307613.23
  107     929.25    2070.75  305542.48
  108     922.99    2077.01  303465.47
  109     916.72    2083.28  301382.19
  110     910.43    2089.57  299292.61
  111     904.11    2095.89  297196.73
  112     897.78    2102.22  295094.51
  113     891.43    2108.57  292985.94
  114     885.06    2114.94  290871.00
  115     878.67    2121.33  288749.67
  116     872.26    2127.74  286621.94
  117     865.84    2134.16  284487.78
  118     859.39    2140.61  282347.17
  119     852.92    2147.08  280200.09
  120     846.44    2153.56  278046.53
  121     839.93    2160.07  275886.46
  122     833.41    2166.59  273719.87
  123     826.86    2173.14  271546.73
  124     820.30    2179.70  269367.03
  125     813.71    2186.29  267180.74
  126     807.11    2192.89  264987.85
  127     800.48    2199.52  262788.33
  128     793.84    2206.16  260582.17
  129     787.18    2212.82  258369.35
  130     780.49    2219.51  256149.84
  131     773.79    2226.21  253923.62
  132     767.06    2232.94  251690.68
  133     760.32    2239.68  249451.00
  134     753.55    2246.45  247204.55
  135     746.76    2253.24  244951.31
  136     739.96    2260.04  242691.27
  137     733.13    2266.87  240424.40
  138     726.28    2273.72  238150.68
  139     719.41    2280.59  235870.10
  140     712.52    2287.48  233582.62
  141     705.61    2294.39  231288.23
  142     698.68    2301.32  228986.92
  143     691.73    2308.27  226678.65
  144     684.76    2315.24  224363.41
  145     677.76    2322.24  222041.17
  146     670.75    2329.25  219711.92
  147     663.71    2336.29  217375.63
  148     656.66    2343.34  215032.29
  149     649.58    2350.42  212681.87
  150     642.48    2357.52  210324.34
  151     635.35    2364.65  207959.70
  152     628.21    2371.79  205587.91
  153     621.05    2378.95  203208.96
  154     613.86    2386.14  200822.82
  155     606.65    2393.35  198429.47
  156     599.42    2400.58  196028.89
  157     592.17    2407.83  193621.06
  158     584.90    2415.10  191205.96
  159     577.60    2422.40  188783.56
  160     570.28    2429.72  186353.84
  161     562.94    2437.06  183916.79
  162     555.58    2444.42  181472.37
  163     548.20    2451.80  179020.57
  164     540.79    2459.21  176561.36
  165     533.36    2466.64  174094.72
  166     525.91    2474.09  171620.63
  167     518.44    2481.56  169139.07
  168     510.94    2489.06  166650.01
  169     503.42    2496.58  164153.43
  170     495.88    2504.12  161649.31
  171     488.32    2511.68  159137.63
  172     480.73    2519.27  156618.36
  173     473.12    2526.88  154091.47
  174     465.48    2534.52  151556.96
  175     457.83    2542.17  149014.79
  176     450.15    2549.85  146464.94
  177     442.45    2557.55  143907.38
  178     434.72    2565.28  141342.10
  179     426.97    2573.03  138769.07
  180     419.20    2580.80  136188.27
  181     411.40    2588.60  133599.67
  182     403.58    2596.42  131003.26
  183     395.74    2604.26  128398.99
  184     387.87    2612.13  125786.87
  185     379.98    2620.02  123166.85
  186     372.07    2627.93  120538.91
  187     364.13    2635.87  117903.04
  188     356.17    2643.83  115259.21
  189     348.18    2651.82  112607.39
  190     340.17    2659.83  109947.55
  191     332.13    2667.87  107279.69
  192     324.07    2675.93  104603.76
  193     315.99    2684.01  101919.75
  194     307.88    2692.12   99227.64
  195     299.75    2700.25   96527.39
  196     291.59    2708.41   93818.98
  197     283.41    2716.59   91102.39
  198     275.21    2724.79   88377.60
  199     266.97    2733.03   85644.57
  200     258.72    2741.28   82903.29
  201     250.44    2749.56   80153.72
  202     242.13    2757.87   77395.86
  203     233.80    2766.20   74629.66
  204     225.44    2774.56   71855.10
  205     217.06    2782.94   69072.16
  206     208.66    2791.34   66280.82
  207     200.22    2799.78   63481.04
  208     191.77    2808.23   60672.81
  209     183.28    2816.72   57856.09
  210     174.77    2825.23   55030.86
  211     166.24    2833.76   52197.10
  212     157.68    2842.32   49354.78
  213     149.09    2850.91   46503.87
  214     140.48    2859.52   43644.35
  215     131.84    2868.16   40776.19
  216     123.18    2876.82   37899.37
  217     114.49    2885.51   35013.86
  218     105.77    2894.23   32119.63
  219      97.03    2902.97   29216.66
  220      88.26    2911.74   26304.92
  221      79.46    2920.54   23384.38
  222      70.64    2929.36   20455.02
  223      61.79    2938.21   17516.81
  224      52.92    2947.08   14569.73
  225      44.01    2955.99   11613.74
  226      35.08    2964.92    8648.82
  227      26.13    2973.87    5674.95
  228      17.14    2982.86    2692.09
  229       8.13    2991.87    -299.77
